6
4
0 4 13 3
4 0 9 7
13 9 0 16
3 7 16 0

5
0 6 22 13 28
6 0 16 7 22
22 16 0 9 6
13 7 9 0 15
28 22 6 15 0

6
0 12 3 8 17 21
12 0 15 4 5 9
3 15 0 11 20 24
8 4 11 0 9 13
17 5 20 9 0 4
21 9 24 13 4 0

4
0 5 10 14
5 0 5 9
10 5 0 14
14 9 14 0

5
0 5 7 8 12
5 0 12 13 7
7 12 0 15 19
8 13 15 0 20
12 7 19 20 0

4
0 16 8 12
16 0 8 4
8 8 0 4
12 4 4 0
